-.15    -.05    -.33   -1.08    -.26   -2.10    1.01    -.49
    -.22   -1.68     .20   -1.19     .25    -.47     .77    -.27
     .07    -.44     .58   -1.97     .61    -.91    -.68   -1.00
    -.07   -1.15    1.08    1.01     .38    -.15    -.20   -1.09
     .02    -.16     .64     .02     .87     .23    -.37    -.83
     .24   -1.29    1.22   -1.01    -.12    -.51     .27   -1.03
    -.60   -2.49     .39    -.69     .15   -1.34    1.44     .65
    -.17   -1.07     .48    -.56     .93    -.87    1.53    -.10
    -.33    -.84    -.33   -1.86     .26    -.41     .78     .92
     .23    -.37     .50    -.23     .83    -.02    -.41   -1.01
    -.69     .01     .19    -.22     .35   -1.12     .26   -1.81
     .70   -1.24    1.59    -.68    1.33    -.57     .04   -1.12
    1.13    -.33    -.28    -.93     .89    -.78    -.27    -.32
     .38     .78    -.12    -.61     .58    -.65    -.60    -.94